3 0.5152777777777777 0.6527777777777778 0.13055555555555556 0.2911111111111111
6 0.7217013888888889 0.5163888888888889 0.10520833333333333 0.3972222222222222
7 0.8128472222222223 0.5222222222222223 0.034722222222222224 0.08
9 0.7663194444444444 0.495 0.013194444444444444 0.04666666666666667
3 0.5736111111111111 0.3725 0.017361111111111112 0.018333333333333333
3 0.6333333333333333 0.40194444444444444 0.020833333333333332 0.018333333333333333
3 0.5364583333333334 0.45361111111111113 0.013888888888888888 0.02277777777777778
2 0.06736111111111111 0.5072222222222222 0.02013888888888889 0.021111111111111112
2 0.2815972222222222 0.4713888888888889 0.010416666666666666 0.009444444444444445
2 0.18819444444444444 0.48694444444444446 0.013888888888888888 0.012777777777777779
