7 0.48680555555555555 0.6061111111111112 0.059027777777777776 0.14888888888888888
2 0.31875 0.3269444444444444 0.020833333333333332 0.017222222222222222
0 0.25833333333333336 0.23333333333333334 0.00625 0.008888888888888889
3 0.2673611111111111 0.23083333333333333 0.013888888888888888 0.01611111111111111
3 0.2545138888888889 0.21944444444444444 0.011805555555555555 0.01
3 0.3034722222222222 0.21194444444444444 0.008333333333333333 0.010555555555555556
0 0.3345486111111111 0.26055555555555554 0.005902777777777778 0.01
3 0.4456597222222222 0.2775 0.007291666666666667 0.009444444444444445
2 0.4552083333333333 0.31722222222222224 0.01597222222222222 0.016666666666666666
2 0.5171875 0.3138888888888889 0.012152777777777778 0.01888888888888889
2 0.5697916666666667 0.37972222222222224 0.02638888888888889 0.017222222222222222
2 0.6800347222222223 0.32222222222222224 0.01423611111111111 0.013333333333333334
8 0.5192708333333333 0.25833333333333336 0.0045138888888888885 0.014444444444444444
