8 0.5404513888888889 0.4011111111111111 0.006597222222222222 0.03111111111111111
8 0.5578125 0.4711111111111111 0.06284722222222222 0.18666666666666668
3 0.6085069444444444 0.4086111111111111 0.030208333333333334 0.018333333333333333
2 0.7501736111111111 0.42694444444444446 0.10034722222222223 0.08833333333333333
7 0.7006944444444444 0.3536111111111111 0.007638888888888889 0.013888888888888888
7 0.7263888888888889 0.34805555555555556 0.006944444444444444 0.012777777777777779
8 0.759375 0.33611111111111114 0.011111111111111112 0.024444444444444446
8 0.8074652777777778 0.33361111111111114 0.010763888888888889 0.01611111111111111
6 0.21909722222222222 0.4275 0.14305555555555555 0.40166666666666667
3 0.09166666666666666 0.43416666666666665 0.018055555555555554 0.021666666666666667
3 0.06024305555555556 0.42944444444444446 0.02673611111111111 0.015555555555555555
3 0.07118055555555555 0.41555555555555557 0.01875 0.016666666666666666
