7 0.5032552083333334 0.3196759259259259 0.06432291666666666 0.22916666666666666
2 0.430859375 0.2377314814814815 0.027864583333333335 0.031018518518518518
2 0.333203125 0.22824074074074074 0.012760416666666666 0.024074074074074074
2 0.155078125 0.24560185185185185 0.05182291666666667 0.04212962962962963
2 0.03046875 0.22893518518518519 0.027604166666666666 0.02824074074074074
3 0.08684895833333334 0.24861111111111112 0.07578125 0.07685185185185185
4 0.6555989583333334 0.21388888888888888 0.00703125 0.024074074074074074
4 0.563671875 0.21296296296296297 0.0049479166666666664 0.020370370370370372
4 0.5716145833333334 0.21064814814814814 0.005729166666666666 0.018518518518518517
4 0.5541666666666667 0.2025462962962963 0.005208333333333333 0.022685185185185187
4 0.5598958333333334 0.20185185185185187 0.0036458333333333334 0.022222222222222223
3 0.604296875 0.3537037037037037 0.14036458333333332 0.22592592592592592
