3 0.3690104166666667 0.4388888888888889 0.08072916666666667 0.15462962962962962
3 0.525 0.40949074074074077 0.050520833333333334 0.09768518518518518
5 0.459765625 0.3597222222222222 0.01171875 0.010185185185185186
9 0.478515625 0.35532407407407407 0.004427083333333333 0.01898148148148148
9 0.47408854166666664 0.35462962962962963 0.0033854166666666668 0.018518518518518517
9 0.6251302083333333 0.3574074074074074 0.008072916666666667 0.028703703703703703
8 0.6122395833333333 0.35509259259259257 0.0078125 0.021296296296296296
9 0.7720052083333333 0.3539351851851852 0.007552083333333333 0.024537037037037038
5 0.7001302083333333 0.36226851851851855 0.01640625 0.013425925925925926
9 0.8708333333333333 0.35810185185185184 0.015625 0.03657407407407407
9 0.920703125 0.3592592592592593 0.015885416666666666 0.040740740740740744
