9 0.6049479166666667 0.46597222222222223 0.03177083333333333 0.11157407407407408
9 0.5475260416666666 0.45949074074074076 0.012760416666666666 0.03009259259259259
9 0.5717447916666667 0.4199074074074074 0.007552083333333333 0.018518518518518517
8 0.4953125 0.4465277777777778 0.011458333333333333 0.018055555555555554
5 0.4654947916666667 0.40370370370370373 0.01328125 0.009259259259259259
8 0.4337239583333333 0.43703703703703706 0.012239583333333333 0.025925925925925925
9 0.133984375 0.3650462962962963 0.18671875 0.6226851851851852
9 0.25052083333333336 0.44166666666666665 0.059375 0.2462962962962963
8 0.30611979166666664 0.43657407407407406 0.08046875 0.27685185185185185
8 0.11731770833333334 0.37222222222222223 0.046614583333333334 0.08425925925925926
6 0.3678385416666667 0.4425925925925926 0.05286458333333333 0.15833333333333333
