5 0.17213541666666668 0.3451388888888889 0.028125 0.02638888888888889
3 0.19453125 0.33958333333333335 0.03177083333333333 0.04398148148148148
3 0.21536458333333333 0.34930555555555554 0.020833333333333332 0.03009259259259259
3 0.6463541666666667 0.3349537037037037 0.030208333333333334 0.04027777777777778
3 0.7657552083333333 0.32592592592592595 0.01328125 0.028703703703703703
3 0.91484375 0.3490740740740741 0.030208333333333334 0.07037037037037037
2 0.8036458333333333 0.4074074074074074 0.06614583333333333 0.09907407407407408
2 0.69609375 0.3800925925925926 0.0328125 0.06296296296296296
2 0.46315104166666665 0.4289351851851852 0.09869791666666666 0.12824074074074074
2 0.7052083333333333 0.33240740740740743 0.017708333333333333 0.023148148148148147
2 0.8295572916666667 0.3275462962962963 0.01484375 0.016203703703703703
2 0.944140625 0.34120370370370373 0.03723958333333333 0.041666666666666664
7 0.8459635416666667 0.34467592592592594 0.02890625 0.0763888888888889
1 0.3385416666666667 0.4909722222222222 0.1859375 0.3421296296296296
