7 0.6376302083333333 0.3854166666666667 0.00703125 0.022685185185185187
7 0.654296875 0.3861111111111111 0.008072916666666667 0.025925925925925925
7 0.501171875 0.38125 0.00546875 0.01898148148148148
8 0.16953125 0.3800925925925926 0.015104166666666667 0.03518518518518519
8 0.77109375 0.38449074074074074 0.014583333333333334 0.0375
8 0.46171875 0.3770833333333333 0.004166666666666667 0.020833333333333332
8 0.46627604166666664 0.3770833333333333 0.0049479166666666664 0.01898148148148148
8 0.46966145833333334 0.3773148148148148 0.0033854166666666668 0.016666666666666666
9 0.8713541666666667 0.38449074074074074 0.010416666666666666 0.029166666666666667
9 0.853125 0.3837962962962963 0.0125 0.027777777777777776
9 0.5220052083333333 0.3787037037037037 0.00546875 0.024074074074074074
9 0.5140625 0.37754629629629627 0.0046875 0.01990740740740741
9 0.22591145833333334 0.3819444444444444 0.009114583333333334 0.03425925925925926
5 0.5372395833333333 0.381712962962963 0.009895833333333333 0.013425925925925926
5 0.44895833333333335 0.3891203703703704 0.011979166666666667 0.015277777777777777
5 0.501171875 0.4115740740740741 0.03463541666666667 0.03333333333333333
5 0.4694010416666667 0.45092592592592595 0.07473958333333333 0.06481481481481481
5 0.35625 0.4634259259259259 0.0796875 0.075
5 0.199609375 0.45092592592592595 0.10442708333333334 0.06018518518518518
5 0.8423177083333333 0.3875 0.01171875 0.012037037037037037
5 0.18098958333333334 0.3854166666666667 0.01875 0.01898148148148148
